74389
145262
208910
287624
363641
443791
518659
599501
674617
758699
841009
914436
994729
1067312
1148581
1217489
1302355
1370182
1432995
1512370
1593697
1677249
1746267
1826932
1901107
1973452
2054524
2138798
2201695
2280031
2346801
2417574
2485154
2566513
2651849
2728747
2806968
2890764
2968587
3043497
3113830
3190357
3260259
3331245
3401281
3473751
3547076
3630340
3696414
3765715
3840766
3913688
3981124
4056309
4138787
4201310
4273108
4336200
4410985
4485186
4564972
4631697
4707071
4779311
4861366
4938534
5008208
5077719
5144948
5229238
5297553
5362455
5432310
5511451
5589719
5667865
5729051
5799225
5882269
5951076
6026688
6094993
6159080
6229596
6310594
6395583
6477662
6540743
6610022
6676821
6745614
6830683
6905102
6984429
7066016
7131125
7214208
7277809
7357034
7435875
7514426
7578718
7650636
7724092
7798078
7880102
7957682
8038390
8112394
8196766
8259428
8333683
8401594
8474369
8552124
8618243
8694125
8763123
8845663
8909954
8973489
9057939
9122706
9187465
9252297
9315518
9387647
9465012
9546342
9626669
9705104
9777676
9856010
9940435
10013818
10082300
10162617
10229423
10296178
10368558
