79744
159121
223546
293109
357838
430999
511776
588261
666102
742751
821591
903618
979959
1045402
1120433
1185461
1268616
1331539
1400838
1476048
1548685
1629381
1703374
1769958
1848314
1912977
1990079
2066592
2133225
2198708
2263804
2328491
2394475
2478824
2540247
2624658
2686320
2771063
2839363
2913217
2995305
3078224
3143873
3221038
3305052
3389907
3453577
3518979
3598240
3660482
3723257
3796233
3878017
3963393
4024535
4098817
4180880
4264110
4345783
4428274
4507526
4571429
4644891
4710047
4791372
4875063
4940235
5022845
5093349
5163724
5231386
5313609
5392747
5464716
5543076
5627165
5692450
5759456
5836138
5916914
5998783
6069537
6133391
6196385
6266220
6347491
6413765
6494112
6571130
6632803
6713021
6796579
6869633
6951029
7015270
7094854
7178489
7259853
7327221
7393456
7467242
7537978
7610709
7696009
7771801
7855904
7928912
8000639
8080537
8159737
8231585
8293913
8357092
8437609
8514649
8576473
8651108
8729716
8793446
8859770
8940605
9005025
9087590
9171172
9232518
9302760
9367891
9442114
9505630
9567623
9651441
9736196
9806042
9882804
9945497
10011607
10073608
10146101
10210800
10296036
