81501
156811
240993
303517
378825
446820
528063
593760
665598
736237
817451
895011
961114
1029915
1094216
1171644
1246619
1311798
1376437
1449095
1532300
1606815
1668654
1731004
1811693
1883747
1954123
2034436
2104364
2178395
2256804
2339115
2408174
2485080
2569914
2632803
2708169
2779308
2847890
2915366
2994925
3080257
3145846
3225951
3291766
3377028
3457649
3529041
3607870
3681071
3761856
3831594
3894417
3969880
4053136
4118901
4190491
4269815
4331806
4415944
4495623
4570301
4635824
4709015
4782692
4868000
4949905
5034436
5112046
5182932
5266793
5339534
5406227
5476937
5555185
5629856
5709363
5794701
5879232
5953330
6037896
6101753
6164044
6232509
6307708
6381705
6464742
6538973
6610554
6684837
6763264
6824706
6905294
6969808
7042524
7109829
7179875
7257066
7322241
7390082
7455956
7521753
7590767
7673294
7745830
7816727
7882137
7966827
8037809
8119461
8195518
8265747
8348197
8428393
8500779
8581686
8664655
8736169
8805366
8880967
8964023
9042198
9112448
9191426
9275754
9350041
9424262
9492892
9555666
9621143
9684448
9756798
9818060
9901434
9978160
10039229
10101005
10167129
10239271
10303413
