70887
134901
202490
269820
338952
403704
473235
537240
619861
683198
766939
837716
899908
969302
1048305
1128741
1203079
1280867
1363719
1426092
1494541
1556704
1622511
1701128
1779784
1862250
1937505
2000266
2083829
2164404
2232420
2306728
2391805
2470313
2551831
2623444
2695969
2770693
2838298
2917620
2990957
3067783
3136331
3200753
3273399
3343283
3423559
3503644
3581000
3645294
3706855
3781558
3849937
3933907
4018890
4086923
4167509
4250422
4326045
4408662
4492737
4567179
4645997
4721113
4782779
4854716
4931530
5005290
5075415
5159329
5240616
5322381
5392511
5468028
5550365
5634191
5711546
5777629
5854627
5917421
5988386
6065703
6149534
6230368
6303233
6382743
6453960
6538720
6623875
6706007
6776536
6848673
6915731
6995917
7078506
7161848
7236513
7312169
7376839
7459840
7531871
7597927
7680926
7760579
7843159
7911151
7988622
8065875
8129908
8200887
8268643
8347175
8415129
8498044
8579259
8649816
8723007
8801005
8882410
8958328
9033395
9102390
9174568
9253030
9335657
9414291
9475780
9553289
9625030
9696754
9736232
9817157
9910537
9977583
10046985
10092778
10167157
10241911
10337024
10383365
10456982
10534070
10618321
10696991
10767794
10849138
10913453
10975964
11063470
11128506
11173043
11241444
11302764
11401394
11464757
11504955
11581399
11663413
11772647
11847618
