79069
154410
221469
298774
361847
438164
515335
594186
676968
761985
841795
917025
1000724
1075921
1137371
1201357
1283454
1356313
1437974
1504121
1578640
1655053
1716869
1792912
1862795
1925039
1998026
2063761
2127801
2193853
2258465
2324116
2386192
2462735
2530651
2604835
2682842
2756062
2830178
2902082
2966143
3039150
3121010
3203381
3271015
3337139
3411967
3488635
3559851
3625915
3710093
3773132
3836748
3901251
3966350
4042545
4117587
4179893
4263662
4342487
4421536
4484119
4566161
4650009
4735077
4817082
4897296
4970865
5036236
5107002
5171307
5233096
5317059
5385450
5453700
5522863
5595301
5672161
5733812
5815409
5890092
5971979
6041507
6113431
6175790
6241149
6318366
6387478
6470449
6534369
6619535
6693753
6772047
6857484
6925547
6996702
7069086
7148772
7229783
7293265
7358649
7428464
7490883
7564659
7633893
7699217
7765353
7848486
7926010
7998482
8057372
8145360
8200183
8279193
8353945
8419477
8495092
8563450
8652173
8693984
8801282
8839647
8931016
8968949
9040768
9126541
9185066
9250902
9314217
9382756
9479339
9542856
9628192
9672921
9741215
9803765
9896495
9934248
10007623
10111661
