800
200
800
100
200
200
200
1
200
400
800
100
100
1
800
400
800
200
1
0
0
400
1
400
100
100
800
400
1
800
800
400
800
400
100
1
100
1
800
400
400
400
1
100
1
100
400
200
800
800
100
200
200
100
1
1
400
100
200
100
800
800
200
1
800
0
1
800
100
400
200
100
400
400
1
200
200
200
0
200
1
100
100
1
200
400
0
800
1
0
800
0
200
0
100
800
400
1
0
400
200
400
1
800
100
100
1
400
200
0
0
-1
-1
-1
-1
0
0
-1
-1
0
-1
-1
-1
-1
0
-1
-1
0
0
-1
-1
-1
-1
0
-1
-1
0
-1
-1
0
800
200
800
400
800
100
1
0
100
800
400
1
1
100
400
400
800
1
100
400
200
1
0
400
200
400
200
1
200
200
100
100
200
0
100
1
0
800
100
0
400
100
800
1
0
200
200
800
100
1
800
100
200
400
400
1
800
0
200
1
400
100
100
800
200
100
1
400
400
800
1
200
200
400
1
800
1
800
200
0
100
800
200
400
800
100
1
400
400
0
1
100
200
800
1
1
400
200
200
0
800
200
800
1
100
100
100
400
400
800
0
-1
0
0
-1
0
-1
-1
-1
-1
-1
-1
-1
0
-1
0
-1
0
-1
-1
0
-1
-1
-1
-1
-1
-1
0
0
-1