63639
148157
209305
289258
370246
452489
515585
586380
653759
734327
805894
889161
954635
1022110
1086698
1151055
1233313
1308501
1382960
1447534
1529395
1605617
1675220
1748785
1819629
1882518
1949410
2013455
2078980
2145873
2217095
2279342
2362416
2446517
2519536
2592515
2661795
2744804
2814853
2878603
2958687
3029237
3096172
3167068
3230457
3294714
3378748
3463126
3538204
3600698
3667465
3737122
3818205
3879616
3941701
4006861
4083743
4162642
4239491
4311535
4385924
4454193
4533409
4599057
4676859
4742374
4812405
4888714
4968797
5031812
5115537
5195510
5268429
5340105
5412047
5480561
5554010
5627515
5708511
5788951
5865716
5935994
6016843
6090886
6160483
6244442
6326862
6401328
6477560
6552927
6619033
6687422
6759954
6826616
6908264
6974054
7040604
7105806
7172399
7244071
7312701
7396279
7467817
7533364
7616490
7701444
7773193
7836941
7904276
7975289
8050847
8118283
8194035
8272433
8338881
8402782
8471060
8539877
8611267
8684701
